83616.1
83574.9
83595.5
83571.3
83591.3
83609.8
83617.9
83591.1
83599.3
83863.3
83588.5
83590.7
84018.1
83585.5
83680.5
83610.2
83574
83589.1
83689
83593.4
10310
10317
559.03
564.149
563.105
569.62
567.641
4639.36
564.064
1862.88
3157.03
4654.39
6305.55
8077.16
582.934
1856.07
3196.15
567.606
1841.81
3179.42
582.03
1881.69
3238.71
4775.61
6714.57
9012.42
570.366
1875.68
3350.12
4804.32
6730.05
8342.66
19517.6
19784.7
48543.3
96.7919
96.0954
93.7912
88.2565
99.2754
85.0311
87.5102
94.7908
9.42174
5.16227
