4.2836
6.1005
4.2552
2.7526
2.8676
7.4964
2.875
2.9042
2.9702
2.8742
2.946
2.8052
2.8761
3.0429
2.8107
3.2333
2.9195
3.0218
4.1355
3.2942
2.9494
2.8818
2.8578
2.8499
3.1592
3.5521
2.8757
3.8147
2.971
2.7968
2.9387
2.8613
2.8633
2.8574
2.8377
2.8202
2.8791
3.0029
4.4317
2.9297
2.8501
2.8998
2.8582
2.9014
3.1584
2.9124
3.0995
2.8204
2.8962
2.8808
2.8864
2.7892
2.8831
2.8876
3.0494
2.8546
2.8622
2.8653
2.7867
2.9586
2.7699
2.7992
2.8231
2.8663
2.9133
2.8083
2.9055
4.4396
2.8874
2.8223
2.8569
2.8717
2.8859
4.5969
3.0303
3.0605
2.8389
2.8718
2.8142
3.1379
3.0746
2.8848
2.9436
2.8274
2.8497
2.8805
2.9661
2.8512
2.8355
2.8771
2.9497
2.9236
2.913
2.9113
3.0257
3.0134
2.8491
2.8927
2.848
2.8064
3.1907
2.8421
2.9357
2.7581
2.9506
2.9896
2.8358
2.8237
2.8385
2.8682
2.902
2.8422
