104461
104282
104425
104305
104291
104308
104302
104279
104279
104368
104470
104276
104421
104332
104469
104366
104478
104355
104363
104451
2225.03
2078.49
2088.3
102.193
86.242
88.1335
87.3413
86.3297
85.8046
85.7067
85.6039
86.7607
86.7186
86.2866
87.2848
88.4539
86.1872
87.5657
88.1101
89.6615
84.9458
87.3756
85.8834
87.2884
296.991
307.605
302.065
89.6134
142.066
210.102
311.642
377.59
449.197
317.047
316.685
303.725
315.43
320.129
302.165
3003.67
2951.68
6.45564
4.29943
4.64263
3.05821
8.2279
8.33908
3.11875
6.7486
0.894041
1.72617
